50 130 60 150 80 120 15
wood.bmp
150 80 160 60 130 70 15
wood.bmp
150 20 160 20 150 40 15
wood.bmp
150 80 150 20 180 60 15
wood.bmp
270 30 250 50 260 70 15
wood.bmp
270 70 250 90 260 110 15
wood.bmp
270 110 250 130 260 150 15
wood.bmp
270 150 250 170 260 190 15
wood.bmp
150 300 190 300 170 250 15
wood.bmp
0 250 50 300 0 300 15
wood.bmp
180 150 179 158 176 165 15
brick.bmp
171 171 165 176 158 179 15
brick.bmp
150 180	142 179 135 176 15
brick.bmp
129 171 124 165 121 157 15
brick.bmp
120 150 121 142 124 135 15
brick.bmp
129 129 135 124 142 121 15
brick.bmp
150 120 158 121 165 124 15
brick.bmp
171 129 176 135 179 142 15
brick.bmp
