0 0 0 200 2 200 0 2 10 
metall.bmp
0 0 200 0 200 2 0 2 10 
metall.bmp
200 0 200 200 198 200 198 0 10 
metall.bmp
0 200 200 200 200 198 0 198 10 
metall.bmp
20 20 21 20 21 21 20 21 10
resh.bmp
20 23 21 23 21 24 20 24 10
resh.bmp
20 26 21 26 21 27 20 27 10
resh.bmp
20 29 21 29 21 30 20 30 10
resh.bmp
20 32 21 32 21 33 20 33 10
resh.bmp
20 35 21 35 21 36 20 36 10
resh.bmp
20 38 21 38 21 39 20 39 10
resh.bmp
20 41 21 41 21 42 20 42 10
resh.bmp
20 44 21 44 21 45 20 45 10
resh.bmp
20 47 21 47 21 48 20 48 10
resh.bmp
20 50 21 50 21 51 20 51 10
resh.bmp
20 53 21 53 21 54 20 54 10
resh.bmp
20 56 21 56 21 57 20 57 10
resh.bmp
20 59 21 59 21 60 20 60 10
resh.bmp
20 62 21 62 21 63 20 63 10
resh.bmp
23 20 24 20 24 21 23 21 10
resh.bmp
23 23 24 23 24 24 23 24 10
resh.bmp
23 26 24 26 24 27 23 27 10
resh.bmp
23 29 24 29 24 30 23 30 10
resh.bmp
23 32 24 32 24 33 23 33 10
resh.bmp
23 35 24 35 24 36 23 36 10
resh.bmp
23 38 24 38 24 39 23 39 10
resh.bmp
23 41 24 41 24 42 23 42 10
resh.bmp
23 44 24 44 24 45 23 45 10
resh.bmp
23 47 24 47 24 48 23 48 10
resh.bmp
23 50 24 50 24 51 23 51 10
resh.bmp
23 53 24 53 24 54 23 54 10
resh.bmp
23 56 24 56 24 57 23 57 10
resh.bmp
23 59 24 59 24 60 23 60 10
resh.bmp
23 62 24 62 24 63 23 63 10
resh.bmp
26 20 27 20 27 21 26 21 10
resh.bmp
26 23 27 23 27 24 26 24 10
resh.bmp
26 26 27 26 27 27 26 27 10
resh.bmp
26 29 27 29 27 30 26 30 10
resh.bmp
26 32 27 32 27 33 26 33 10
resh.bmp
26 35 27 35 27 36 26 36 10
resh.bmp
26 38 27 38 27 39 26 39 10
resh.bmp
26 41 27 41 27 42 26 42 10
resh.bmp
26 44 27 44 27 45 26 45 10
resh.bmp
26 47 27 47 27 48 26 48 10
resh.bmp
26 50 27 50 27 51 26 51 10
resh.bmp
26 53 27 53 27 54 26 54 10
resh.bmp
26 56 27 56 27 57 26 57 10
resh.bmp
26 59 27 59 27 60 26 60 10
resh.bmp
26 62 27 62 27 63 26 63 10
resh.bmp
29 20 30 20 30 21 29 21 10
resh.bmp
29 23 30 23 30 24 29 24 10
resh.bmp
29 26 30 26 30 27 29 27 10
resh.bmp
29 29 30 29 30 30 29 30 10
resh.bmp
29 32 30 32 30 33 29 33 10
resh.bmp
29 35 30 35 30 36 29 36 10
resh.bmp
29 38 30 38 30 39 29 39 10
resh.bmp
29 41 30 41 30 42 29 42 10
resh.bmp
29 44 30 44 30 45 29 45 10
resh.bmp
29 47 30 47 30 48 29 48 10
resh.bmp
29 50 30 50 30 51 29 51 10
resh.bmp
29 53 30 53 30 54 29 54 10
resh.bmp
29 56 30 56 30 57 29 57 10
resh.bmp
29 59 30 59 30 60 29 60 10
resh.bmp
29 62 30 62 30 63 29 63 10
resh.bmp
32 20 33 20 33 21 32 21 10
resh.bmp
32 23 33 23 33 24 32 24 10
resh.bmp
32 26 33 26 33 27 32 27 10
resh.bmp
32 29 33 29 33 30 32 30 10
resh.bmp
32 32 33 32 33 33 32 33 10
resh.bmp
32 35 33 35 33 36 32 36 10
resh.bmp
32 38 33 38 33 39 32 39 10
resh.bmp
32 41 33 41 33 42 32 42 10
resh.bmp
32 44 33 44 33 45 32 45 10
resh.bmp
32 47 33 47 33 48 32 48 10
resh.bmp
32 50 33 50 33 51 32 51 10
resh.bmp
32 53 33 53 33 54 32 54 10
resh.bmp
32 56 33 56 33 57 32 57 10
resh.bmp
32 59 33 59 33 60 32 60 10
resh.bmp
32 62 33 62 33 63 32 63 10
resh.bmp
35 20 36 20 36 21 35 21 10
resh.bmp
35 23 36 23 36 24 35 24 10
resh.bmp
35 26 36 26 36 27 35 27 10
resh.bmp
35 29 36 29 36 30 35 30 10
resh.bmp
35 32 36 32 36 33 35 33 10
resh.bmp
35 35 36 35 36 36 35 36 10
resh.bmp
35 38 36 38 36 39 35 39 10
resh.bmp
35 41 36 41 36 42 35 42 10
resh.bmp
35 44 36 44 36 45 35 45 10
resh.bmp
35 47 36 47 36 48 35 48 10
resh.bmp
35 50 36 50 36 51 35 51 10
resh.bmp
35 53 36 53 36 54 35 54 10
resh.bmp
35 56 36 56 36 57 35 57 10
resh.bmp
35 59 36 59 36 60 35 60 10
resh.bmp
35 62 36 62 36 63 35 63 10
resh.bmp
38 20 39 20 39 21 38 21 10
resh.bmp
38 23 39 23 39 24 38 24 10
resh.bmp
38 26 39 26 39 27 38 27 10
resh.bmp
38 29 39 29 39 30 38 30 10
resh.bmp
38 32 39 32 39 33 38 33 10
resh.bmp
38 35 39 35 39 36 38 36 10
resh.bmp
38 38 39 38 39 39 38 39 10
resh.bmp
38 41 39 41 39 42 38 42 10
resh.bmp
38 44 39 44 39 45 38 45 10
resh.bmp
38 47 39 47 39 48 38 48 10
resh.bmp
38 50 39 50 39 51 38 51 10
resh.bmp
38 53 39 53 39 54 38 54 10
resh.bmp
38 56 39 56 39 57 38 57 10
resh.bmp
38 59 39 59 39 60 38 60 10
resh.bmp
38 62 39 62 39 63 38 63 10
resh.bmp
41 20 42 20 42 21 41 21 10
resh.bmp
41 23 42 23 42 24 41 24 10
resh.bmp
41 26 42 26 42 27 41 27 10
resh.bmp
41 29 42 29 42 30 41 30 10
resh.bmp
41 32 42 32 42 33 41 33 10
resh.bmp
41 35 42 35 42 36 41 36 10
resh.bmp
41 38 42 38 42 39 41 39 10
resh.bmp
41 41 42 41 42 42 41 42 10
resh.bmp
41 44 42 44 42 45 41 45 10
resh.bmp
41 47 42 47 42 48 41 48 10
resh.bmp
41 50 42 50 42 51 41 51 10
resh.bmp
41 53 42 53 42 54 41 54 10
resh.bmp
41 56 42 56 42 57 41 57 10
resh.bmp
41 59 42 59 42 60 41 60 10
resh.bmp
41 62 42 62 42 63 41 63 10
resh.bmp
44 20 45 20 45 21 44 21 10
resh.bmp
44 23 45 23 45 24 44 24 10
resh.bmp
44 26 45 26 45 27 44 27 10
resh.bmp
44 29 45 29 45 30 44 30 10
resh.bmp
44 32 45 32 45 33 44 33 10
resh.bmp
44 35 45 35 45 36 44 36 10
resh.bmp
44 38 45 38 45 39 44 39 10
resh.bmp
44 41 45 41 45 42 44 42 10
resh.bmp
44 44 45 44 45 45 44 45 10
resh.bmp
44 47 45 47 45 48 44 48 10
resh.bmp
44 50 45 50 45 51 44 51 10
resh.bmp
44 53 45 53 45 54 44 54 10
resh.bmp
44 56 45 56 45 57 44 57 10
resh.bmp
44 59 45 59 45 60 44 60 10
resh.bmp
44 62 45 62 45 63 44 63 10
resh.bmp
47 20 48 20 48 21 47 21 10
resh.bmp
47 23 48 23 48 24 47 24 10
resh.bmp
47 26 48 26 48 27 47 27 10
resh.bmp
47 29 48 29 48 30 47 30 10
resh.bmp
47 32 48 32 48 33 47 33 10
resh.bmp
47 35 48 35 48 36 47 36 10
resh.bmp
47 38 48 38 48 39 47 39 10
resh.bmp
47 41 48 41 48 42 47 42 10
resh.bmp
47 44 48 44 48 45 47 45 10
resh.bmp
47 47 48 47 48 48 47 48 10
resh.bmp
47 50 48 50 48 51 47 51 10
resh.bmp
47 53 48 53 48 54 47 54 10
resh.bmp
47 56 48 56 48 57 47 57 10
resh.bmp
47 59 48 59 48 60 47 60 10
resh.bmp
47 62 48 62 48 63 47 63 10
resh.bmp
50 20 51 20 51 21 50 21 10
resh.bmp
50 23 51 23 51 24 50 24 10
resh.bmp
50 26 51 26 51 27 50 27 10
resh.bmp
50 29 51 29 51 30 50 30 10
resh.bmp
50 32 51 32 51 33 50 33 10
resh.bmp
50 35 51 35 51 36 50 36 10
resh.bmp
50 38 51 38 51 39 50 39 10
resh.bmp
50 41 51 41 51 42 50 42 10
resh.bmp
50 44 51 44 51 45 50 45 10
resh.bmp
50 47 51 47 51 48 50 48 10
resh.bmp
50 50 51 50 51 51 50 51 10
resh.bmp
50 53 51 53 51 54 50 54 10
resh.bmp
50 56 51 56 51 57 50 57 10
resh.bmp
50 59 51 59 51 60 50 60 10
resh.bmp
50 62 51 62 51 63 50 63 10
resh.bmp
53 20 54 20 54 21 53 21 10
resh.bmp
53 23 54 23 54 24 53 24 10
resh.bmp
53 26 54 26 54 27 53 27 10
resh.bmp
53 29 54 29 54 30 53 30 10
resh.bmp
53 32 54 32 54 33 53 33 10
resh.bmp
53 35 54 35 54 36 53 36 10
resh.bmp
53 38 54 38 54 39 53 39 10
resh.bmp
53 41 54 41 54 42 53 42 10
resh.bmp
53 44 54 44 54 45 53 45 10
resh.bmp
53 47 54 47 54 48 53 48 10
resh.bmp
53 50 54 50 54 51 53 51 10
resh.bmp
53 53 54 53 54 54 53 54 10
resh.bmp
53 56 54 56 54 57 53 57 10
resh.bmp
53 59 54 59 54 60 53 60 10
resh.bmp
53 62 54 62 54 63 53 63 10
resh.bmp
56 20 57 20 57 21 56 21 10
resh.bmp
56 23 57 23 57 24 56 24 10
resh.bmp
56 26 57 26 57 27 56 27 10
resh.bmp
56 29 57 29 57 30 56 30 10
resh.bmp
56 32 57 32 57 33 56 33 10
resh.bmp
56 35 57 35 57 36 56 36 10
resh.bmp
56 38 57 38 57 39 56 39 10
resh.bmp
56 41 57 41 57 42 56 42 10
resh.bmp
56 44 57 44 57 45 56 45 10
resh.bmp
56 47 57 47 57 48 56 48 10
resh.bmp
56 50 57 50 57 51 56 51 10
resh.bmp
56 53 57 53 57 54 56 54 10
resh.bmp
56 56 57 56 57 57 56 57 10
resh.bmp
56 59 57 59 57 60 56 60 10
resh.bmp
56 62 57 62 57 63 56 63 10
resh.bmp
59 20 60 20 60 21 59 21 10
resh.bmp
59 23 60 23 60 24 59 24 10
resh.bmp
59 26 60 26 60 27 59 27 10
resh.bmp
59 29 60 29 60 30 59 30 10
resh.bmp
59 32 60 32 60 33 59 33 10
resh.bmp
59 35 60 35 60 36 59 36 10
resh.bmp
59 38 60 38 60 39 59 39 10
resh.bmp
59 41 60 41 60 42 59 42 10
resh.bmp
59 44 60 44 60 45 59 45 10
resh.bmp
59 47 60 47 60 48 59 48 10
resh.bmp
59 50 60 50 60 51 59 51 10
resh.bmp
59 53 60 53 60 54 59 54 10
resh.bmp
59 56 60 56 60 57 59 57 10
resh.bmp
59 59 60 59 60 60 59 60 10
resh.bmp
59 62 60 62 60 63 59 63 10
resh.bmp
62 20 63 20 63 21 62 21 10
resh.bmp
62 23 63 23 63 24 62 24 10
resh.bmp
62 26 63 26 63 27 62 27 10
resh.bmp
62 29 63 29 63 30 62 30 10
resh.bmp
62 32 63 32 63 33 62 33 10
resh.bmp
62 35 63 35 63 36 62 36 10
resh.bmp
62 38 63 38 63 39 62 39 10
resh.bmp
62 41 63 41 63 42 62 42 10
resh.bmp
62 44 63 44 63 45 62 45 10
resh.bmp
62 47 63 47 63 48 62 48 10
resh.bmp
62 50 63 50 63 51 62 51 10
resh.bmp
62 53 63 53 63 54 62 54 10
resh.bmp
62 56 63 56 63 57 62 57 10
resh.bmp
62 59 63 59 63 60 62 60 10
resh.bmp
62 62 63 62 63 63 62 63 10
resh.bmp